062 062 165 300
001 001 247 251
073 045 137 154
001 032 199 300
066 060 198 265
025 017 204 300
034 069 080 156
027 023 220 300
046 007 200 217
077 061 231 233
064 069 194 300
063 001 173 300
037 060 131 172
048 036 143 300
045 050 173 251
094 100 144 152
051 065 207 270
054 042 163 250
120 048 169 180
001 023 187 300
059 001 189 276
140 040 196 256
068 010 177 192
001 034 204 179
074 040 154 257
038 044 201 285
044 080 226 296
043 198 185 250
034 070 191 290
065 001 166 299
041 178 157 255
069 028 163 300
053 076 163 226
036 072 199 300
001 078 194 247
048 129 178 289
033 057 165 237
086 050 228 268
101 050 211 236
085 025 191 199
047 048 203 298
001 032 225 282
064 029 135 300
043 057 200 300
046 004 160 257
067 034 138 221
059 052 246 300
045 104 147 258
001 087 176 205
025 044 254 300
045 086 154 215
044 031 247 262
092 064 164 181
052 036 141 159
017 060 148 223
001 001 287 300
028 049 180 257
053 153 204 253
056 088 129 282
055 042 141 295
041 036 192 244
095 001 208 300
046 049 159 191
031 091 173 264
038 001 154 214
024 064 180 255
030 055 152 248
011 086 171 277
035 057 205 248
066 066 173 201
031 057 176 277
065 004 257 277
076 074 256 278
071 039 143 123
044 031 136 299
099 001 197 164
034 061 166 284
041 027 162 300
064 034 156 273
007 057 151 206
056 080 252 299
065 099 180 300
060 048 223 300
064 035 246 265
041 053 149 232
001 185 200 300
027 165 171 262
104 029 192 175
001 036 204 300
061 066 155 171
035 064 169 257
124 093 165 128
022 036 117 222
050 001 207 118
007 122 185 280
064 078 158 211
070 024 161 264
079 106 139 285
001 079 196 300
039 072 193 274
204 010 289 156
083 040 171 278
043 060 179 289
028 118 231 293
043 077 170 273
067 067 175 293
015 085 178 268
001 038 300 199
077 049 173 133
033 001 172 097
038 068 176 185
018 068 181 279
001 080 204 300
001 004 245 300
057 125 171 299
079 083 233 233
098 075 214 229
062 048 146 266
052 074 218 278
067 055 149 266
041 051 192 262
040 074 174 220
064 001 173 090
023 043 153 154
055 046 151 256
063 011 166 300
044 042 151 275
057 120 148 201
082 068 168 153
021 051 142 282
037 031 171 249
044 038 176 228
045 096 176 264
043 027 121 293
054 054 142 221
035 052 171 287
070 052 118 250
042 060 162 280
106 050 194 192
064 108 171 209
028 069 172 248
054 070 182 171
039 084 160 249
038 074 231 271
013 001 272 300
095 039 155 144
046 112 117 283
099 039 193 258
014 006 171 191
067 028 174 300
049 044 115 300
075 053 154 300
025 001 179 300
061 027 174 293
081 033 169 199
039 030 157 300
075 048 145 162
042 004 170 081
001 058 207 300
038 014 195 260
001 001 225 190
071 026 166 188
034 024 086 170
036 047 206 300
056 058 156 176
035 035 169 206
036 067 178 275
001 009 199 291
066 001 182 267
088 033 155 193
113 019 175 161
049 053 162 297
047 118 118 171
012 052 146 253
001 068 207 174
001 024 173 296
070 037 171 186
040 100 178 195
048 058 182 273
062 053 204 300
089 029 167 208
067 001 147 253
077 034 151 197
050 033 200 278
067 048 141 252
077 070 133 123
037 053 147 167
004 047 210 300
031 066 237 264
070 028 162 206
046 003 146 186
060 067 137 178
089 001 207 123
024 001 282 300
051 097 139 175
056 041 145 142
043 080 192 249
059 080 217 225
018 062 179 293
027 059 166 281
001 026 196 268
001 029 204 186
057 076 191 261
083 092 149 231
064 050 162 268
035 091 172 257
084 037 221 212
066 050 182 300
041 040 184 290
036 080 178 252
053 055 163 270
046 009 245 279
022 050 186 279
078 083 227 255
001 057 162 292
059 073 234 278
023 095 198 240
053 029 210 294
078 037 138 228
056 039 178 188
032 054 184 299
043 022 192 293
045 069 177 230
026 054 176 300
031 016 212 243
001 031 200 254
067 056 120 107
025 063 141 264
092 044 229 300
043 052 116 190
069 035 158 193
061 008 205 300
036 182 182 276
054 035 139 209
068 058 147 170
001 080 204 254
032 054 181 243
030 073 196 275
093 045 206 272
059 029 195 272
057 064 181 226
116 021 164 300
103 001 291 193
005 022 225 300
115 037 182 194
001 001 210 289
025 077 161 233
069 098 214 249
001 078 300 300
076 043 122 168
046 058 197 292
020 066 216 288
031 194 174 277
001 008 179 297
075 080 227 246
043 045 137 145
001 031 206 299
100 057 202 180
125 025 181 138
074 036 176 244
055 035 133 190
069 046 208 294
026 001 235 300
001 032 225 278
036 029 142 268
055 051 140 165
015 024 159 286
056 034 158 300
075 027 176 300
036 036 206 300
029 001 174 300
014 016 218 280
087 058 139 166
047 040 113 181
073 001 158 292
067 001 168 277
056 040 176 160
034 013 152 284
001 099 185 282
076 068 213 300
133 069 169 170
039 075 185 225
001 059 160 269
036 076 178 248
014 001 247 300
001 016 257 300
089 039 171 175
054 034 225 300
059 024 160 275
081 085 231 218
017 057 199 292
052 095 197 237
022 082 192 251
001 001 200 300
061 053 155 161
071 113 165 164
083 063 229 231
001 015 225 265
058 098 138 150
001 023 300 294
043 001 164 289
053 053 238 300
046 084 146 170
055 053 144 300
041 070 175 286
008 001 216 300
027 023 225 250
016 064 208 297
001 050 193 268
001 073 225 300
081 012 176 286
001 011 137 285
031 051 221 300
001 019 240 284
105 032 148 197
051 024 201 300
098 056 153 117
057 038 141 265
001 086 204 241
044 076 201 269
071 027 148 213
040 065 160 267
033 051 149 250
048 082 163 221
051 001 190 296
055 001 200 144
034 069 183 229
121 037 158 215
069 031 153 247
078 039 185 160
069 097 226 251
046 064 170 138
049 037 143 269
001 048 211 300
016 021 210 300
045 032 166 264
023 174 124 254
056 043 180 300
028 001 142 217
059 100 132 262
032 059 184 266
015 039 183 300
031 054 227 300
020 066 200 274
035 047 148 300
045 038 148 300
067 051 161 202
057 070 191 287
060 041 162 285
051 053 235 300
066 075 233 228
001 081 222 300
049 004 201 149
029 091 238 300
036 143 149 257
065 058 127 232
055 001 170 300
076 067 242 300
049 009 141 192
011 051 157 242
039 023 145 300
001 003 200 154
016 077 168 263
092 066 212 221
024 002 228 279
018 102 211 285
090 001 163 299
082 039 182 237
055 020 177 297
027 049 178 290
081 001 219 300
050 047 159 268
057 040 116 193
054 070 188 300
001 071 199 239
025 053 183 262
001 047 200 194
050 086 184 273
049 037 128 300
048 045 182 300
001 093 212 297
046 034 137 216
001 036 194 300
071 037 165 139
062 022 169 300
046 047 170 298
007 059 195 215
021 179 196 281
044 068 169 300
035 010 165 148
179 064 274 156
071 001 191 285
044 001 188 295
061 029 147 264
026 048 154 274
115 057 177 232
026 012 286 300
031 001 188 294
039 155 185 252
034 158 156 294
189 065 300 243
099 054 190 249
019 058 161 243
025 063 170 278
105 065 205 254
057 019 247 275
106 001 194 299
058 183 172 233
044 028 273 274
045 068 133 206
084 078 220 250
019 015 132 085
086 045 144 158
088 067 215 253
050 047 142 300
012 068 204 266
080 078 158 286
070 076 134 198
006 052 184 300
024 018 074 152
066 030 181 300
060 052 162 290
054 097 200 246
133 032 300 278
053 071 156 231
039 001 263 300
036 001 178 300
037 053 165 298
020 054 157 251
031 035 181 300
021 049 172 300
072 002 098 291
052 039 129 208
070 099 179 265
001 001 235 300
023 082 155 214
018 082 199 273
033 066 205 226
044 001 157 282
064 134 149 294
026 071 169 257
107 054 163 118
013 034 296 299
077 076 187 178
001 086 200 276
067 079 169 201
003 004 225 296
097 004 206 276
025 001 170 300
074 023 162 165
033 044 207 300
055 084 133 161
019 013 209 178
087 106 167 175
001 027 225 278
058 026 150 300
082 009 119 276
035 068 215 272
001 075 133 286
040 054 215 300
022 037 158 299
001 054 300 225
067 046 113 129
084 056 209 195
027 052 208 300
075 036 154 189
045 024 163 290
070 011 168 141
046 077 170 204
061 053 204 249
043 038 165 200
067 121 141 223
028 055 208 288
091 167 201 279
050 047 153 280
033 050 139 277
102 031 160 239
023 058 180 278
085 025 145 215
022 001 200 172
059 058 117 166
061 001 168 270
068 125 141 298
061 026 133 300
045 078 232 300
083 114 174 214
053 036 147 300
033 082 165 256
032 053 232 287
034 046 221 292
086 084 218 267
089 038 162 200
033 078 196 238
046 017 168 300
054 082 149 300
052 100 140 225
043 034 276 264
106 093 140 182
048 054 163 165
058 085 219 276
103 001 204 300
001 009 225 271
062 068 235 237
070 117 132 260
026 005 277 281
048 104 143 245
105 032 155 154
042 001 265 300
023 051 184 300
047 078 163 252
063 036 142 242
075 117 152 182
032 081 171 294
039 021 203 255
045 067 151 257
045 053 131 129
083 118 165 166
029 035 117 300
027 080 172 269
064 136 155 180
003 058 300 290
001 010 257 300
008 155 088 298
035 094 145 283
001 001 225 300
001 052 140 297
067 032 103 227
001 009 188 291
052 024 153 287
053 019 174 300
060 043 146 199
072 075 170 187
038 064 198 297
088 087 220 300
001 090 215 251
017 012 197 208
085 024 234 270
047 044 156 151
036 052 172 300
061 030 141 269
081 124 161 267
021 001 177 169
039 063 173 300
061 040 169 150
082 102 149 183
001 003 254 300
016 049 182 279
086 100 157 274
042 001 169 260
071 084 222 300
048 085 198 271
080 001 159 283
017 052 173 296
031 049 182 262
010 059 207 300
059 039 148 158
023 028 162 200
055 174 198 259
017 023 197 288
063 121 137 191
052 030 186 269
007 054 225 297
061 044 127 201
072 028 170 250
074 027 145 299
041 071 149 190
001 037 204 300
067 088 169 274
062 068 198 254
062 061 141 157
057 052 145 292
046 036 118 216
091 118 163 279
001 001 235 300
072 007 167 134
066 092 161 263
051 064 207 296
074 001 160 280
076 034 162 216
024 171 170 271
059 076 190 236
018 043 299 259
033 001 171 276
001 079 196 300
047 054 168 226
092 086 190 206
001 033 173 274
075 015 137 121
035 041 201 212
075 081 177 188
036 171 160 292
067 056 175 219
017 116 200 226
019 028 140 300
058 075 159 226
192 039 251 091
035 070 214 280
001 027 286 300
088 042 227 255
014 059 186 278
044 035 180 209
026 029 187 129
030 068 204 223
080 066 231 276
044 059 175 276
042 074 163 237
037 081 189 276
068 125 169 178
001 065 204 263
059 034 154 178
084 001 218 300
094 054 216 273
055 029 157 292
051 057 122 288
068 001 157 281
099 001 194 185
022 105 173 243
074 096 237 269
032 045 160 205
026 071 200 256
059 071 157 251
086 066 210 298
027 076 176 226
027 072 157 250
089 045 167 264
023 074 191 258
052 074 212 252
031 056 176 221
018 060 185 277
086 085 220 247
001 025 225 275
003 001 292 300
050 079 156 270
033 098 191 287
077 105 168 278
001 001 200 300
001 087 225 280
087 083 214 268
001 093 239 288
069 035 143 248
132 001 300 300
031 056 240 300
071 059 133 120
001 058 180 297
072 070 186 285
090 033 178 218
064 058 182 300
107 067 199 200
073 185 207 293
025 064 189 300
019 007 291 300
025 062 228 264
027 109 217 253
066 031 137 296
026 079 198 300
001 001 235 300
001 001 225 285
036 089 193 246
079 072 211 235
097 036 109 191
001 085 200 216
001 005 240 294
027 022 209 191
107 076 208 233
050 080 141 132
065 129 139 271
045 035 148 179
051 020 152 241
051 168 157 300
063 073 190 253
075 001 173 296
039 018 169 101
055 139 158 211
084 005 204 117
075 003 209 089
043 001 269 300
046 073 221 269
078 081 187 300
070 115 149 159
002 048 166 300
122 048 187 160
021 015 203 270
001 001 167 300
078 001 227 154
135 149 300 276
035 066 181 215
089 029 189 212
032 035 177 300
033 066 176 284
034 047 184 300
036 069 180 300
024 058 188 297
071 059 241 249
063 041 094 262
015 050 185 294
004 001 225 300
035 087 157 276
064 058 261 292
037 061 215 244
026 071 216 300
083 001 162 262
053 001 167 245
042 048 162 300
050 022 165 284
063 055 214 300
002 075 159 243
041 043 133 222
026 001 177 300
049 037 147 292
001 099 200 300
048 097 163 185
073 036 179 175
084 081 164 258
067 105 141 212
055 055 137 149
079 026 170 300
058 050 114 172
098 021 199 251
072 069 179 222
035 190 178 253
021 073 185 271
001 041 192 280
001 010 200 287
068 037 156 228
071 093 123 271
022 023 125 300
058 121 143 180
001 062 200 300
001 001 092 277
072 032 173 277
084 122 154 253
026 001 205 213
062 007 163 267
008 061 201 289
079 114 128 191
078 001 227 300
052 045 148 191
046 093 174 300
050 046 152 196
075 028 160 300
012 038 200 300
001 070 200 300
029 068 183 300
001 001 200 264
039 067 181 280
083 026 162 230
098 018 151 300
045 079 187 222
101 065 219 228
030 067 175 264
066 024 162 279
077 024 162 178
043 058 153 284
040 060 170 295
055 050 200 300
006 018 200 294
100 077 194 171
022 001 183 300
044 063 147 242
047 044 197 288
028 038 218 300
118 038 202 207
001 193 200 300
052 084 158 250
001 049 214 300
037 064 164 293
048 044 178 296
025 021 224 273
056 032 159 300
093 046 184 145
020 060 183 300
183 096 298 162
084 022 184 284
061 057 153 164
071 001 174 300
001 001 191 300
056 052 150 281
061 040 140 187
092 075 189 195
020 021 228 255
042 072 270 271
032 044 176 197
064 001 152 079
100 068 179 300
067 001 144 285
086 061 181 269
078 099 137 276
058 047 212 300
033 064 171 287
021 033 272 300
028 014 261 300
037 001 145 282
009 035 181 300
045 070 199 243
045 002 163 181
001 003 184 251
057 049 199 300
057 048 158 300
037 174 175 262
041 042 202 300
028 047 174 300
018 010 208 298
047 042 133 287
001 202 231 300
048 071 202 289
104 038 169 158
074 110 165 294
012 091 191 269
059 072 168 251
029 043 189 300
095 027 196 294
069 040 184 214
083 079 142 208
020 113 172 178
059 022 143 300
061 081 183 204
018 161 185 270
069 103 105 222
073 024 139 300
042 035 130 267
114 035 202 204
094 064 218 284
044 052 168 279
034 038 132 196
095 080 184 300
017 069 189 297
053 036 151 229
011 081 193 291
053 079 167 196
041 038 172 300
019 068 193 254
089 075 219 284
014 045 139 247
054 044 214 300
001 001 300 300
060 056 178 298
014 068 237 296
110 026 175 285
027 087 161 209
054 043 143 156
028 067 196 263
028 030 221 259
048 035 162 204
045 066 206 262
076 026 192 300
079 051 260 200
042 021 157 300
090 045 192 284
023 048 184 298
053 030 149 235
056 029 154 300
001 043 169 300
024 070 191 243
006 068 204 287
087 034 166 211
022 049 160 289
048 055 146 215
053 064 220 215
009 021 233 260
001 024 200 268
032 059 202 300
048 001 187 298
047 019 154 300
071 058 129 119
059 070 141 193
080 141 136 227
053 001 181 088
001 087 176 212
004 062 196 300
051 030 146 247
001 001 225 300
048 049 148 300
060 032 144 284
030 123 190 294
025 064 168 268
076 032 146 299
088 083 215 268
083 021 213 155
037 039 165 273
022 078 174 273
084 088 112 116
060 050 144 158
058 071 154 209
064 035 172 231
064 012 141 145
084 048 190 153
012 039 148 287
093 002 196 213
037 052 162 269
050 075 208 269
037 055 152 218
023 112 126 295
046 059 202 300
061 049 185 300
042 001 148 249
055 026 135 291
043 080 210 263
034 060 158 294
017 001 233 300
100 001 207 300
015 061 219 289
001 001 225 300
080 104 135 286
011 001 124 229
059 043 154 178
035 003 156 300
053 075 171 284
001 011 233 300
043 075 193 264
006 059 210 300
035 049 174 275
042 042 172 271
001 001 225 300
050 017 278 300
014 089 153 242
039 062 206 282
056 032 150 277
073 094 115 178
094 087 171 272
024 069 185 278
002 002 214 291
067 001 175 263
051 038 153 203
055 080 170 203
048 056 202 262
032 072 226 299
019 044 216 300
052 060 176 282
092 049 157 283
075 079 121 214
049 052 177 238
040 064 160 243
063 036 140 186
050 162 160 256
048 057 187 296
014 109 094 204
001 024 243 180
064 047 146 156
003 001 129 138
068 069 153 247
068 104 138 205
019 078 193 274
028 010 288 300
001 005 200 297
057 043 146 161
019 053 213 294
032 055 174 295
072 064 242 251
055 066 199 231
024 167 154 263
021 001 275 300
075 031 137 217
015 050 179 259
058 035 131 218
044 049 160 300
081 033 209 176
060 063 161 272
030 001 139 295
038 048 174 246
085 058 228 238
060 049 180 281
078 170 229 280
084 059 223 225
001 005 235 282
031 029 122 300
038 048 127 300
001 050 204 219
059 093 215 275
070 075 201 277
001 027 279 300
065 001 157 264
029 102 157 270
070 047 238 300
001 048 300 300
005 075 270 228
042 021 149 300
034 045 122 145
055 001 179 300
100 039 167 214
086 033 146 191
048 081 211 266
048 032 163 194
053 071 187 280
012 022 299 300
031 080 213 255
045 039 176 300
038 001 184 106
025 074 188 260
040 001 300 273
040 024 161 300
069 125 149 193
036 059 137 182
082 057 231 280
045 034 154 275
054 030 168 274
041 032 168 251
063 132 147 274
030 065 169 240
121 026 200 137
051 001 200 300
063 045 163 300
028 080 184 265
042 067 200 266
039 085 169 241
038 041 174 207
084 056 169 227
071 037 144 231
067 090 140 272
036 001 168 173
018 080 172 281
054 029 152 283
048 013 172 148
066 041 121 147
071 047 162 159
061 048 175 244
024 056 148 262
060 054 162 231
029 056 196 300
047 053 154 300
069 085 171 257
079 032 164 199
024 015 205 250
051 023 187 300
027 059 166 290
001 067 200 229
050 062 151 261
042 060 134 255
017 058 167 286
076 044 161 261
006 138 180 270
079 108 145 279
062 001 158 264
048 029 158 300
068 064 141 211
045 057 190 246
114 065 167 300
078 125 158 166
040 058 167 292
017 018 233 253
069 028 155 218
067 047 235 246
085 036 203 186
006 069 180 285
011 070 206 249
055 070 125 187
064 055 162 182
074 001 181 299
019 072 169 225
082 103 170 274
070 033 159 204
054 056 163 180
060 053 142 164
023 064 180 286
043 056 187 288
034 083 162 230
014 078 193 235
045 065 140 187
001 053 200 300
064 033 141 193
017 092 187 243
066 031 139 298
069 064 157 219
022 083 164 263
028 078 108 245
044 026 190 278
037 057 195 274
057 129 164 267
016 065 182 299
067 039 198 300
047 027 174 223
045 095 145 173
004 055 142 266
056 051 180 286
065 041 147 165
046 049 192 300
038 079 176 196
055 059 177 277
089 085 234 256
053 028 131 210
041 053 177 264
099 060 233 276
029 046 185 298
032 001 200 215
033 010 171 132
070 079 171 240
063 030 136 282
076 001 120 268
028 051 195 300
113 078 173 195
046 028 183 293
043 070 187 257
085 110 128 261
066 010 222 230
093 001 146 300
051 045 149 223
040 001 192 201
072 103 146 215
037 038 157 215
034 076 152 300
001 001 222 205
064 111 137 279
001 032 204 258
060 059 190 244
098 095 240 292
001 052 213 269
041 072 178 281
035 001 162 300
001 050 180 249
050 036 177 300
104 006 205 172
072 045 132 154
065 030 173 243
045 042 219 300
002 054 133 233
048 013 151 209
027 055 185 300
087 038 183 199
019 064 183 254
018 019 176 254
042 163 162 287
042 073 198 291
030 068 193 273
084 058 185 220
052 049 160 270
050 081 148 238
032 072 262 294
100 097 150 259
059 054 148 280
028 074 182 235
001 013 224 284
064 001 171 264
070 032 234 201
035 074 172 267
059 074 147 230
046 025 174 300
060 041 190 300
044 176 157 293
031 047 177 289
047 001 225 238
023 039 131 290
081 106 248 295
073 030 145 289
094 007 209 278
042 067 206 300
038 041 153 140
059 097 126 186
054 043 162 299
053 073 132 246
063 045 172 300
075 087 231 242
030 017 228 259
027 057 178 232
051 179 164 274
005 020 292 297
030 050 072 139
039 047 182 204
038 001 210 300
049 057 246 264
047 001 177 288
058 059 203 300
001 050 221 300
054 001 196 098
056 034 151 241
069 031 163 172
014 105 194 206
031 088 173 212
041 049 139 289
077 047 101 198
054 038 186 269
028 065 090 176
097 001 193 264
071 094 151 296
091 033 300 262
001 163 201 276
036 026 151 197
073 031 168 196
045 091 091 273
105 021 286 300
035 066 151 245
055 031 140 300
068 001 196 300
028 068 148 258
067 117 141 280
046 001 196 183
001 121 300 287
067 005 227 298
070 027 148 300
028 071 189 238
057 069 224 289
001 027 191 300
120 091 170 258
132 093 181 228
037 166 169 290
066 042 131 161
097 037 212 300
070 095 220 233
067 029 161 197
046 063 161 242
041 001 162 277
052 001 150 256
019 001 255 276
052 104 136 275
063 057 135 300
022 053 200 214
104 100 124 197
061 087 255 281
007 046 173 287
035 087 151 184
080 090 223 223
025 077 191 266
044 008 171 094
036 030 193 300
068 048 164 275
024 047 180 274
038 033 200 183
052 031 165 184
001 019 218 285
158 014 261 182
041 030 219 261
119 039 167 277
087 122 165 172
030 044 167 273
034 001 186 287
042 041 184 276
016 077 183 262
062 001 186 300
089 062 174 215
012 001 204 300
001 022 112 297
073 001 300 300
001 001 225 300
072 001 240 300
058 072 275 300
081 056 191 192
022 001 200 277
022 040 179 300
073 047 138 300
087 085 230 260
090 088 229 241
017 001 288 300
001 042 200 160
001 075 204 300
030 017 128 300
032 001 226 300
061 067 157 157
020 044 171 300
074 063 249 240
047 054 160 280
001 114 230 253
058 042 143 192
001 055 206 232
065 202 211 283
043 061 129 167
012 197 085 287
046 085 155 252
069 022 200 300
001 056 204 300
060 040 156 190
028 001 237 259
041 001 171 086
068 046 141 300
061 028 175 256
071 046 169 175
051 079 217 298
020 060 190 292
048 066 148 286
001 078 205 243
078 039 157 180
032 170 166 300
120 047 209 300
078 095 142 253
075 071 221 300
070 037 159 179
037 052 191 300
039 063 163 224
051 003 147 170
010 035 197 300
029 056 211 286
060 042 154 204
078 013 193 162
054 052 133 125
062 061 127 125
074 038 172 157
024 043 163 298
088 097 182 265
091 065 150 130
057 001 148 298
086 001 229 170
001 001 300 300
014 001 207 299
042 083 160 236
092 021 190 262
042 065 174 233
056 032 253 272
043 064 132 185
024 104 199 226
045 001 160 112
026 061 171 293
024 160 160 295
001 016 225 249
004 102 207 255
064 051 149 163
061 042 141 186
049 051 111 157
029 062 201 300
001 001 300 300
001 028 300 287
055 097 146 170
022 050 172 300
106 005 200 136
004 001 235 297
022 049 174 300
071 039 133 300
001 050 300 300
063 020 169 300
005 086 186 211
031 050 175 290
030 074 204 234
040 017 136 300
010 058 269 127
043 045 171 300
070 021 168 300
038 076 134 189
046 038 162 294
003 043 125 278
042 055 174 277
063 035 136 242
021 066 195 300
090 028 176 300
048 078 161 283
090 097 142 293
059 103 147 184
058 034 164 291
035 061 169 280
071 058 162 300
034 057 190 252
021 048 193 300
046 043 178 253
001 072 174 300
080 032 168 266
081 024 161 300
080 112 168 162
027 038 121 243
061 092 213 260
026 002 190 137
038 090 170 255
059 001 167 297
001 015 259 300
042 076 155 219
040 041 164 194
053 007 145 117
001 003 200 220
009 020 196 263
047 001 147 268
025 085 175 235
127 053 187 140
004 054 141 189
001 077 180 300
061 061 138 204
001 035 166 276
043 001 185 300
050 070 210 276
023 082 174 235
079 029 164 294
030 037 144 181
067 063 204 229
021 071 134 225
045 080 196 199
055 047 170 300
001 001 300 300
032 101 186 218
056 034 141 214
057 061 199 291
075 023 157 300
055 054 137 300
031 001 175 300
048 022 146 299
064 080 261 300
034 024 154 299
027 076 173 225
001 032 225 300
039 056 205 300
006 057 225 300
071 035 167 142
034 001 165 075
084 067 236 216
106 093 162 188
015 001 209 295
001 131 202 284
061 075 188 250
001 001 219 300
123 092 259 181
001 001 231 300
001 001 257 292
056 001 178 110
038 045 181 300
071 076 141 132
082 001 202 102
086 114 175 166
035 074 205 256
002 001 200 300
068 082 190 290
047 053 184 263
050 054 170 286
095 023 161 300
054 055 179 300
019 090 126 280
041 049 213 290
058 066 172 264
026 085 198 300
064 070 130 170
054 068 157 218
017 056 185 300
014 001 158 212
043 031 145 300
023 053 081 107
043 076 174 300
017 002 213 245
044 118 157 300
052 001 251 300
042 083 230 277
058 043 172 209
025 060 134 268
027 071 135 300
067 034 123 239
063 046 129 160
027 043 194 300
053 081 181 250
087 030 179 294
055 041 158 155
033 078 189 250
020 100 152 280
051 069 202 285
039 023 134 300
055 063 225 265
053 042 207 233
037 038 219 272
112 061 251 276
034 048 191 300
015 001 295 300
008 051 157 300
063 134 152 210
070 001 176 107
001 027 200 300
047 063 161 282
051 121 167 299
108 037 197 199
053 068 180 295
069 071 140 204
055 001 151 300
013 039 207 300
013 085 199 269
017 001 205 256
059 075 184 295
001 026 200 300
016 068 153 291
042 044 203 300
087 001 225 181
100 105 214 201
072 076 260 271
046 071 198 269
042 072 203 241
032 041 200 258
003 045 225 251
086 065 238 285
028 041 179 297
059 077 237 300
016 057 189 243
001 039 204 185
062 068 190 214
054 096 197 191
001 011 225 240
050 088 201 242
034 062 165 300
022 190 156 274
097 040 191 170
077 033 165 211
034 039 152 300
238 057 272 110
029 068 185 275
035 177 181 296
009 080 158 236
047 066 190 286
071 037 151 192
027 023 230 276
075 054 178 159
087 088 129 298
045 114 101 281
067 009 169 081
080 018 196 229
053 001 257 300
098 123 153 213
066 072 202 280
067 061 137 265
081 035 189 184
020 061 190 290
049 030 177 289
028 048 178 258
023 080 148 181
041 001 207 180
038 058 201 265
033 064 165 251
051 083 212 277
035 075 174 195
062 067 142 264
032 176 176 250
017 073 155 228
001 001 300 293
059 038 172 183
051 032 145 221
001 012 300 147
001 072 206 300
046 060 185 253
046 074 132 185
030 001 169 300
091 106 153 277
042 079 222 300
062 048 175 146
034 031 176 225
068 048 152 148
162 050 300 254
063 059 165 300
070 101 140 232
044 001 158 155
021 101 187 278
001 001 300 286
065 001 154 258
109 031 161 208
020 039 237 261
004 075 162 249
049 001 174 161
044 034 159 300
042 074 179 212
032 047 164 270
037 090 224 251
031 093 159 284
066 071 191 229
064 095 213 236
085 037 177 194
046 080 212 247
081 046 235 261
001 049 200 231
065 001 183 300
050 022 177 293
063 060 155 195
033 081 203 275
029 042 223 299
036 081 188 283
001 081 253 300
028 071 174 229
001 020 200 300
034 062 170 277
065 001 180 291
086 042 150 300
039 049 135 198
056 101 187 300
045 011 146 153
064 021 185 300
078 046 120 154
067 104 175 254
028 054 188 247
063 001 173 299
039 086 191 264
085 016 183 139
060 097 206 288
045 001 183 300
084 112 125 283
024 001 217 300
012 049 176 282
025 078 192 222
036 036 132 213
001 080 300 225
073 042 162 225
084 030 154 191
003 052 184 300
022 057 176 292
069 109 147 163
001 051 217 300
001 054 204 256
052 051 155 292
110 044 218 233
001 058 230 300
070 117 135 275
031 058 205 285
035 016 189 256
028 102 201 273
064 131 143 251
035 026 216 300
068 001 163 276
044 018 147 300
049 077 181 279
099 001 123 270
049 023 228 242
021 052 164 296
051 048 151 286
014 033 300 180
070 103 137 274
001 032 204 239
053 034 147 298
085 111 165 294
060 001 246 300
001 065 300 150
001 058 227 251
045 064 172 298
097 073 212 266
039 067 169 233
001 036 210 237
069 029 143 249
043 156 161 300
034 053 171 292
121 081 191 156
001 001 225 300
028 049 196 239
011 118 183 268
046 065 156 186
003 001 221 300
074 028 156 191
036 082 206 286
048 001 186 225
045 045 134 216
189 044 255 217
031 059 177 274
036 054 149 300
074 055 138 157
061 001 192 236
088 042 198 281
036 077 152 231
057 023 160 291
023 001 225 300
110 031 196 225
068 108 124 274
037 001 121 226
094 081 226 237
061 035 235 300
072 102 160 196
098 001 211 287
112 077 190 163
035 056 186 283
059 029 139 300
042 019 176 300
054 081 196 280
076 038 131 145
021 025 171 300
102 072 208 134
016 081 191 277
072 062 178 185
069 024 175 300
003 001 298 300
009 020 125 251
028 048 194 243
001 037 204 203
024 063 160 280
087 108 182 273
001 074 259 300
030 061 121 219
080 003 126 290
080 123 160 270
005 114 166 225
030 177 167 258
043 059 210 300
025 089 175 230
067 030 151 236
059 054 174 295
029 054 206 296
051 094 117 274
064 012 113 141
035 001 196 274
036 046 173 297
061 037 143 203
031 040 144 247
010 050 196 179
018 075 197 291
059 107 090 194
061 001 131 204
116 036 186 219
070 112 135 173
048 051 182 270
047 048 177 300
063 001 177 194
023 063 168 285
075 033 169 287
034 055 159 300
045 049 165 280
072 133 149 183
062 031 160 189
051 083 205 265
034 001 135 266
052 059 176 272
074 060 182 231
001 055 183 299
069 047 155 189
049 050 171 164
086 039 168 229
050 069 159 248
060 064 199 295
015 038 207 183
072 054 204 286
084 082 215 187
067 048 234 300
028 042 274 221
050 076 174 231
057 052 196 300
079 008 175 268
148 128 200 239
076 017 161 285
056 057 150 200
087 097 149 241
001 001 235 300
074 032 183 199
001 090 217 286
085 089 228 263
001 031 200 260
031 006 147 091
001 202 200 300
082 075 214 270
011 001 142 263
050 001 243 241
024 090 170 273
017 058 137 274
083 017 168 300
073 084 225 273
043 096 213 265
075 125 134 225
065 032 156 270
001 018 300 292
041 050 159 278
069 002 146 300
001 035 204 300
033 104 193 168
038 039 141 166
069 018 167 300
066 001 236 300
095 040 197 178
056 043 181 218
078 071 239 258
062 001 163 292
046 075 168 281
024 050 178 290
050 069 254 232
031 041 113 198
051 069 154 168
109 097 159 238
060 016 154 194
061 035 176 178
018 090 181 280
056 043 210 217
083 110 126 277
036 001 167 283
054 061 142 126
035 054 185 282
054 064 220 285
001 071 200 262
026 045 204 300
049 082 219 300
030 087 196 252
089 107 173 274
001 008 225 284
046 050 161 300
001 072 200 283
001 086 200 229
076 059 210 168
026 060 183 217
025 058 189 273
091 104 156 290
001 001 256 300
071 029 145 292
072 029 172 187
047 053 220 300
080 067 236 296
026 161 187 284
051 068 203 297
016 059 197 242
023 091 183 268
106 034 198 189
037 071 181 239
057 006 159 263
092 112 169 174
001 044 204 199
011 067 198 257
027 021 219 283
054 050 148 265
011 089 191 275
037 053 168 266
042 090 181 237
001 005 230 300
034 080 173 219
041 001 263 300
054 067 191 234
065 094 131 279
033 061 227 265
071 028 153 243
140 099 262 298
032 089 154 284
061 044 222 286
001 026 287 239
031 001 188 059
001 103 225 300
137 001 300 162
028 056 164 288
028 092 179 288
078 009 230 300
026 024 184 269
086 003 206 292
038 029 168 300
067 043 139 137
001 077 200 219
034 052 208 273
002 071 170 282
047 001 168 288
054 010 236 265
064 023 164 294
055 031 150 277
061 025 247 293
001 125 200 300
092 046 129 107
066 079 222 240
059 032 166 143
001 059 204 204
037 070 151 206
040 027 148 300
060 054 149 096
009 074 217 291
013 047 200 262
001 044 215 300
054 087 163 214
063 063 236 290
047 037 183 300
053 042 174 300
011 059 142 300
010 032 197 249
046 072 171 239
033 050 161 300
031 101 205 287
055 048 170 198
118 001 203 279
015 055 232 300
049 001 187 276
060 033 142 244
037 032 187 300
039 077 188 274
027 018 255 300
083 105 179 273
018 001 210 300
061 118 149 225
001 001 250 293
045 001 159 278
106 030 150 300
035 024 150 300
063 001 244 241
037 169 180 264
026 078 124 269
041 079 179 263
063 070 251 269
027 040 137 153
044 055 160 235
060 106 145 181
081 020 133 286
051 110 137 194
034 083 147 178
062 039 164 166
040 157 155 295
050 104 201 257
001 001 300 294
044 035 186 226
087 053 164 300
046 001 226 300
021 058 224 275
106 033 135 156
054 027 204 196
025 060 159 246
033 105 219 296
078 032 145 219
077 038 166 171
069 067 184 282
015 001 165 300
024 072 176 294
071 087 256 256
006 077 189 283
075 022 152 217
036 034 208 300
034 035 147 203
035 053 166 300
001 093 210 300
037 185 176 284
092 071 226 291
079 047 150 152
048 076 166 261
031 001 195 300
010 064 166 286
083 079 220 247
019 049 182 300
028 050 191 184
027 032 122 300
074 046 165 300
058 066 149 116
021 061 181 289
098 010 218 300
103 056 189 297
001 056 139 300
042 096 120 257
001 001 238 190
046 005 263 282
264 048 298 073
049 048 159 271
029 073 197 241
037 001 261 276
041 076 216 294
024 001 300 300
056 183 184 275
075 042 233 269
022 001 225 297
049 007 171 300
078 028 174 226
020 059 202 293
045 048 111 125
068 028 146 300
048 038 140 220
001 023 196 278
041 051 190 286
059 044 159 300
048 060 170 276
048 038 170 245
102 027 203 300
057 085 145 185
001 032 249 300
028 052 235 300
049 023 165 257
053 072 156 240
137 001 160 300
068 060 231 249
046 059 156 293
025 001 167 111
114 101 179 291
001 017 201 267
048 059 158 292
081 001 211 300
066 025 154 186
007 082 230 261
067 088 225 289
092 038 178 300
082 026 130 277
051 083 221 296
001 012 204 240
041 041 159 230
041 074 204 300
088 001 129 271
031 001 182 185
056 037 157 206
057 049 148 258
054 041 186 230
049 184 183 258
001 057 207 208
021 032 270 300
001 001 235 269
061 010 170 129
104 079 202 237
014 055 138 283
041 084 198 270
081 061 137 160
049 046 150 208
082 060 207 247
053 061 250 300
069 016 139 264
059 044 189 264
028 064 185 270
054 012 185 274
020 045 183 275
088 165 215 252
094 060 219 254
028 045 135 241
045 058 184 299
038 028 158 285
026 058 186 273
047 043 196 270
015 042 188 300
025 033 163 231
023 072 174 279
027 060 157 250
046 032 166 300
018 067 174 268
014 001 225 287
033 068 207 269
083 037 225 285
045 032 152 262
017 001 195 220
043 045 161 291
080 065 234 273
014 056 188 300
073 033 159 295
058 001 152 183
037 073 173 290
020 072 163 230
001 034 139 201
037 064 189 300
057 096 141 159
106 034 183 181
014 001 166 283
052 029 160 299
001 026 207 300
033 039 164 200
031 076 174 270
079 106 145 277
014 077 186 248
050 021 252 242
038 067 192 282
075 067 152 235
031 066 151 174
071 001 186 300
040 083 167 248
070 038 300 300
107 002 205 248
050 001 199 291
066 051 152 136
048 072 191 257
054 074 176 216
026 098 151 299
050 025 132 300
065 099 143 252
055 059 191 177
043 069 192 236
048 117 128 277
064 049 165 156
091 110 168 152
043 018 146 257
058 059 226 285
065 001 157 300
003 028 224 285
001 024 222 300
032 051 188 292
023 064 183 270
060 076 175 174
087 042 167 188
001 065 300 235
060 076 138 151
052 079 261 300
016 001 126 300
076 121 234 284
112 001 212 288
068 031 163 186
056 054 262 289
085 031 173 300
108 015 232 132
022 057 164 288
028 080 192 193
025 071 224 300
087 034 166 201
112 043 190 144
081 056 160 187
065 036 157 254
043 063 163 234
050 071 193 243
046 001 182 260
064 061 138 246
027 073 163 270
085 069 138 251
049 005 188 138
069 117 142 161
066 029 138 198
019 034 192 228
031 063 175 300
060 066 151 270
076 034 146 241
056 030 202 203
070 095 158 143
053 053 203 286
053 086 156 174
001 014 169 281
046 048 178 296
060 090 161 173
019 065 191 281
036 070 182 244
046 081 176 227
070 041 161 151
024 078 206 277
006 063 225 289
001 001 235 260
081 070 159 189
045 057 152 268
050 007 235 250
042 047 179 268
052 050 148 288
001 049 225 234
083 063 215 232
001 081 200 265
081 081 189 298
116 037 189 172
042 057 149 211
026 030 172 175
041 039 147 219
001 058 200 300
038 006 183 235
035 082 177 272
071 100 157 300
042 051 246 300
054 039 148 188
025 033 197 288
110 099 166 230
013 052 217 187
070 044 164 215
001 001 300 297
026 072 180 282
004 038 225 279
064 125 146 276
101 076 222 277
059 065 173 214
050 077 151 244
028 046 101 144
081 035 166 202
025 072 150 267
001 001 300 299
060 110 154 279
043 001 187 300
024 001 234 207
074 031 145 233
019 053 133 220
068 079 246 269
039 087 205 271
001 001 200 300
067 110 181 244
041 053 126 148
066 035 162 162
076 001 171 285
037 050 151 247
065 044 145 152
034 055 212 300
060 001 182 274
027 042 179 292
053 074 162 246
001 015 221 300
054 064 157 253
016 068 220 277
022 022 200 286
096 033 168 194
053 038 153 189
018 069 185 265
049 082 257 272
036 001 168 300
029 045 114 223
067 040 183 300
028 001 152 287
050 063 152 153
039 001 202 300
099 002 197 232
040 043 153 223
045 042 153 192
057 030 175 300
001 139 295 300
031 049 192 283
022 007 164 266
001 229 173 300
001 053 225 271
059 001 184 287
016 001 291 300
001 001 102 264
066 120 145 196
066 099 174 220
064 027 155 189
023 060 203 265
121 035 207 221
033 088 219 300
078 072 244 239
078 024 148 267
001 022 230 300
083 063 226 271
001 001 225 300
027 082 177 272
021 075 158 250
047 074 197 247
050 051 184 300
034 086 197 276
064 090 165 170
041 126 267 271
079 124 164 169
036 051 178 300
023 051 280 300
033 072 141 219
001 001 252 279
051 074 149 166
016 051 202 280
038 088 166 218
018 029 174 296
010 084 170 203
040 032 147 272
001 079 200 300
156 049 300 240
107 038 163 169
044 080 193 277
031 071 176 243
011 077 167 271
021 028 295 300
039 055 202 300
045 100 199 260
024 077 170 288
026 072 190 300
007 040 175 291
038 081 175 267
081 001 235 300
097 064 224 203
053 073 155 212
074 052 228 232
038 070 145 286
084 032 200 251
040 040 178 176
069 059 118 246
040 036 174 244
010 075 204 236
001 086 210 300
048 041 186 294
076 053 168 172
023 055 180 293
042 001 158 293
032 083 154 300
047 053 156 162
101 038 139 162
031 067 167 300
056 166 145 255
011 088 153 300
018 077 184 300
001 001 300 290
052 067 144 273
049 056 143 180
052 001 158 275
081 098 161 184
033 006 261 300
031 048 176 300
110 049 192 141
056 049 164 172
067 047 119 124
001 041 225 259
025 080 193 222
127 037 222 135
103 001 199 263
026 062 186 284
069 058 169 300
085 065 219 293
046 043 170 294
066 040 140 181
035 075 169 253
100 001 208 270
069 092 220 252
051 141 125 189
060 065 156 151
040 005 182 086
069 072 239 282
062 029 160 300
063 044 158 228
087 084 251 264
002 022 226 257
001 116 300 225
018 070 200 263
080 056 160 146
020 063 142 250
001 001 264 300
040 055 215 295
001 001 300 170
055 064 207 300
042 094 184 223
076 035 155 232
067 031 175 206
023 073 186 284
099 001 207 300
009 020 202 295
041 031 150 274
050 068 151 258
045 098 122 220
084 051 127 292
001 020 264 300
039 052 219 300
047 001 153 110
076 088 160 223
040 055 191 262
001 047 200 267
035 087 165 206
051 041 136 300
006 086 204 300
061 001 179 279
056 094 116 215
037 140 193 271
054 068 211 287
046 002 166 213
021 057 188 192
001 001 225 300
001 225 225 300
017 064 187 235
036 001 124 278
024 070 180 259
052 099 147 250
053 064 204 241
080 001 123 266
069 146 125 278
002 085 195 236
057 061 149 186
071 041 166 139
001 004 169 290
048 060 241 289
100 033 213 194
066 020 186 300
003 001 125 273
038 057 192 300
037 045 161 230
033 033 149 300
078 094 212 255
019 025 192 300
056 068 220 289
026 105 200 252
092 131 169 216
022 061 224 296
010 068 183 300
001 001 200 300
063 013 181 123
037 150 219 294
056 033 163 295
037 154 169 284
069 033 158 199
080 032 159 210
053 070 199 269
032 063 182 276
094 017 218 162
065 091 160 253
036 039 204 292
001 001 300 226
044 092 144 263
060 001 216 300
014 075 174 213
007 018 300 300
034 044 185 290
046 076 153 280
035 001 156 288
087 002 215 136
022 042 212 300
047 035 162 300
041 054 175 300
046 055 200 300
015 045 202 277
076 042 227 250
034 062 191 289
075 051 177 231
075 087 226 264
001 001 166 291
047 066 177 274
055 172 171 272
030 034 155 153
074 049 174 174
037 060 168 286
075 001 218 300
037 057 180 264
001 023 145 300
042 052 152 300
001 001 178 286
045 038 160 182
092 003 142 300
075 001 182 188
020 001 230 300
046 043 146 210
047 107 150 245
078 034 166 254
071 085 227 247
035 037 126 190
006 049 214 300
105 139 129 256
045 001 143 217
045 068 172 206
052 100 166 272
068 056 124 221
060 040 167 291
041 053 058 068
026 026 280 296
076 048 131 159
024 051 173 300
001 001 300 234
054 046 188 182
066 001 212 300
093 047 177 282
041 035 166 200
050 085 166 262
044 068 154 266
001 062 204 290
103 077 194 228
001 015 200 300
066 080 161 152
034 085 159 300
052 029 165 273
075 026 159 300
094 099 228 195
056 075 147 139
049 001 258 300
022 086 189 219
080 081 222 243
032 052 150 291
107 025 246 243
037 080 135 156
073 071 269 268
065 012 181 085
116 027 180 144
040 089 178 283
008 088 195 286
180 158 244 220
081 037 161 253
089 036 135 209
036 194 179 272
079 091 120 226
001 070 200 265
109 027 187 300
015 021 229 300
043 049 161 290
090 050 148 283
057 050 129 300
001 062 204 300
001 005 225 300
001 008 257 300
023 043 173 296
033 064 160 293
058 001 167 300
021 026 250 300
056 001 201 293
012 122 200 297
055 180 171 250
001 069 204 208
079 034 159 300
037 001 197 300
007 089 197 293
073 001 174 264
001 001 235 300
038 080 160 300
001 001 221 300
058 026 149 221
089 029 159 194
036 021 100 244
051 113 296 269
029 047 200 297
059 084 245 300
054 091 268 285
033 055 200 286
069 113 154 165
073 070 225 268
044 052 204 300
044 071 187 276
065 047 189 300
052 072 224 295
030 059 200 291
029 071 150 215
001 001 200 300
061 066 163 285
001 038 223 272
115 096 180 276
044 065 211 256
012 013 292 300
055 036 194 300
029 052 204 295
073 083 159 227
063 098 134 206
099 040 193 260
030 055 184 284
099 037 194 234
075 047 155 197
056 058 141 300
078 064 215 296
078 029 169 300
067 048 156 177
059 078 147 141
030 087 191 294
089 006 209 079
013 100 187 233
046 076 144 166
026 001 158 300
001 030 300 246
067 048 161 300
027 066 179 282
062 055 153 244
112 177 148 236
063 052 142 115
068 071 200 244
119 119 168 187
006 134 196 267
001 043 204 300
074 105 148 181
038 001 260 289
076 038 128 193
052 001 220 300
045 034 211 192
031 048 197 291
061 097 163 295
037 076 207 298
093 129 177 206
001 027 225 216
064 034 152 300
001 060 196 233
064 001 158 162
035 038 169 300
047 048 165 300
057 080 173 267
019 052 197 300
085 006 217 158
061 043 183 284
026 048 222 292
057 070 170 263
001 003 166 280
016 068 180 283
092 043 244 300
040 179 161 264
033 062 179 297
076 099 165 164
029 068 196 275
019 052 183 250
045 051 158 194
091 049 180 210
047 074 205 280
001 080 095 207
031 020 165 092
021 018 287 300
047 069 217 300
069 029 147 170
023 073 201 240
044 083 168 289
077 041 154 272
043 075 185 254
071 087 124 269
074 078 213 268
001 001 200 300
026 099 175 292
084 035 204 236
063 117 184 248
028 089 191 207
090 050 157 159
052 027 146 206
030 074 181 283
078 036 149 196
063 041 137 191
063 019 165 300
066 031 164 285
056 053 186 300
001 001 231 275
043 063 164 247
001 038 300 300
055 009 176 142
035 003 166 180
012 063 155 279
027 039 209 300
075 036 157 186
038 082 183 293
042 059 198 268
032 092 248 300
065 009 240 300
020 016 298 205
070 087 125 300
073 074 209 207
100 047 196 300
045 093 147 282
015 019 217 180
119 046 179 212
009 070 212 278
087 010 218 299
105 045 164 202
001 022 221 278
079 024 171 300
081 025 175 191
055 111 216 286
050 010 187 294
035 050 169 280
001 012 176 191
035 069 174 253
077 085 241 267
076 097 228 279
059 061 162 252
046 058 183 300
038 069 183 254
038 069 182 287
031 054 234 300
075 045 147 300
032 044 166 287
036 080 168 295
086 093 220 220
035 035 213 207
086 074 146 218
006 052 194 300
047 045 171 277
035 055 166 296
087 046 226 298
072 047 113 180
041 092 219 279
019 001 300 300
079 031 159 196
073 063 176 168
026 001 284 300
044 091 174 280
115 037 193 197
131 139 300 300
038 056 198 298
030 158 174 245
024 084 144 278
019 004 300 300
051 074 182 215
034 052 200 271
079 035 150 180
027 073 171 270
022 023 180 300
038 001 165 300
048 058 169 279
086 069 164 300
080 102 142 284
052 029 174 235
059 025 168 291
092 001 213 300
070 061 150 257
001 076 300 223
054 042 140 198
092 007 147 300
053 069 142 203
033 029 133 300
082 030 155 273
043 048 193 300
056 031 151 290
018 001 280 300
093 001 215 115
013 001 282 300
052 099 173 234
066 096 126 278
067 033 219 300
001 025 300 267
010 070 180 264
108 026 185 296
033 048 191 293
047 045 149 235
081 109 131 236
023 033 189 273
085 012 221 299
005 025 187 300
001 040 300 225
068 001 174 286
019 041 201 289
071 158 187 278
054 001 169 119
005 059 191 258
074 022 165 299
070 048 159 275
058 028 143 300
033 001 143 288
101 154 225 243
020 001 220 300
072 040 175 157
025 049 215 264
070 029 161 238
022 014 152 108
054 051 168 300
001 001 300 300
047 068 185 225
112 086 197 208
038 068 189 274
021 066 200 300
043 001 181 271
035 007 181 300
081 013 175 287
068 056 159 164
049 053 165 300
078 027 155 300
043 114 195 280
063 001 176 127
191 087 300 196
065 001 150 173
058 051 186 295
040 063 168 220
078 001 209 300
088 109 143 171
040 079 212 242
029 001 171 300
028 096 172 234
064 109 131 281
024 054 176 300
035 083 204 232
067 001 187 262
044 047 121 300
085 063 164 220
039 159 177 239
063 001 201 300
080 125 164 181
021 073 187 256
001 009 200 224
049 001 150 261
053 004 189 296
053 037 171 296
069 042 171 192
102 044 158 131
119 090 169 135
076 072 225 299
001 001 243 300
051 054 145 098
035 009 171 286
037 051 272 258
046 044 161 188
035 013 245 244
173 124 273 253
041 076 245 239
022 040 154 300
031 072 131 256
022 067 160 277
040 053 183 300
036 023 138 287
047 025 258 279
074 024 274 210
042 029 155 300
082 065 189 297
060 086 169 240
015 085 201 280
138 159 194 300
033 030 146 243
052 020 154 300
102 072 229 274
032 044 182 300
060 060 160 193
001 001 300 300
062 073 237 246
111 079 169 254
078 054 160 300
044 061 164 300
094 041 176 182
091 079 215 248
065 025 159 300
044 067 193 277
044 001 188 263
029 001 276 282
052 024 141 300
078 030 148 228
124 060 300 269
048 062 179 242
026 005 177 291
062 066 169 265
001 001 245 300
001 036 200 300
042 073 133 300
054 010 264 300
033 031 131 300
080 027 160 198
094 001 130 300
042 052 176 261
063 073 164 206
027 003 266 200
072 026 128 300
017 072 126 171
075 059 173 155
059 001 181 279
023 058 160 249
001 001 226 300
055 051 158 290
090 024 182 295
064 023 232 144
040 008 177 280
066 046 187 289
058 017 272 273
029 054 204 288
082 001 220 300
050 081 181 254
022 031 182 269
039 065 202 282
038 001 160 154
076 012 147 120
039 059 188 267
049 079 134 262
073 081 231 268
001 001 300 300
049 001 243 285
001 067 148 283
028 090 201 213
049 101 188 300
001 039 204 210
039 021 181 296
066 043 155 236
048 077 162 215
059 107 168 290
065 071 187 224
037 093 162 286
032 058 176 278
026 069 151 213
001 001 221 300
025 066 191 279
001 003 257 300
023 094 157 227
010 001 292 294
033 068 204 234
099 100 179 170
091 069 183 225
015 083 165 300
092 061 223 283
071 110 135 282
051 058 169 285
040 009 192 238
035 055 202 300
064 025 188 296
049 020 115 300
018 065 200 228
069 080 182 275
029 067 143 203
036 053 180 280
048 065 150 219
042 036 166 121
103 001 168 247
066 036 148 300
093 065 206 259
037 118 167 205
038 095 168 233
015 070 151 155
033 001 177 276
041 030 198 300
018 040 290 249
023 086 174 300
069 033 147 227
063 035 142 232
005 064 148 220
052 007 180 267
038 071 198 225
016 077 212 267
033 080 214 271
036 091 188 277
115 010 218 277
036 090 215 300
026 156 171 253
079 098 144 278
097 034 159 276
055 030 135 232
029 058 201 279
059 119 145 269
001 012 210 300
048 001 182 095
069 029 139 300
079 001 193 275
023 081 177 239
046 001 188 233
052 085 262 300
106 065 202 189
070 001 140 278
027 001 300 300
100 078 207 241
064 082 191 265
035 057 133 162
001 044 180 300
125 023 185 155
036 079 124 196
054 064 214 300
001 068 138 214
049 082 155 168
056 065 226 300
055 043 146 283
087 054 215 275
106 047 186 189
057 032 134 194
067 079 249 296
001 001 204 283
068 001 190 242
077 076 226 255
032 027 207 257
039 026 135 268
047 055 186 277
104 054 300 186
060 001 202 160
077 019 141 300
032 055 166 271
028 208 038 226
046 034 200 180
043 071 153 277
065 051 130 180
067 049 126 115
031 044 175 295
049 081 193 266
014 179 174 284
024 076 188 254
030 048 180 267
035 053 171 300
063 068 159 276
063 126 140 279
083 039 148 296
033 001 187 300
081 064 139 183
054 049 204 300
084 035 146 246
056 050 220 300
018 049 143 233
001 001 200 236
031 177 175 264
065 100 142 157
023 001 162 246
034 179 180 257
057 001 253 300
061 019 183 298
001 001 248 289
070 028 141 299
001 013 200 290
060 037 167 198
099 058 200 205
001 149 200 300
001 001 220 132
030 185 157 281
066 119 138 156
048 067 158 238
048 001 190 162
049 001 145 164
070 052 172 300
071 041 180 159
005 065 204 262
037 054 157 162
052 001 201 300
093 038 200 249
045 045 190 300
074 038 176 189
022 054 204 295
044 061 188 281
090 073 176 154
001 087 225 300
071 035 133 274
039 033 160 274
066 091 157 271
057 001 172 279
030 062 197 247
018 048 299 235
020 076 150 287
078 047 163 255
001 092 169 255
032 166 169 263
002 015 196 256
001 043 199 244
033 068 164 267
062 060 158 206
044 115 118 207
082 046 159 179
028 075 194 259
028 051 239 290
081 088 230 265
081 021 219 300
032 075 204 300
062 067 129 130
066 034 167 238
059 028 139 218
074 052 148 160
084 040 118 116
056 001 144 243
073 001 174 286
100 062 200 249
042 162 209 280
001 003 200 296
074 088 228 251
044 099 188 244
027 026 172 237
043 052 203 287
071 073 231 242
037 085 201 263
070 045 165 216
084 059 236 278
038 086 180 246
022 069 216 271
004 060 170 294
001 146 225 300
051 045 137 183
064 013 143 284
001 001 236 300
047 053 155 293
022 082 178 277
011 069 198 262
034 051 198 300
001 089 200 206
062 117 153 284
050 038 150 293
056 056 127 277
047 073 149 283
061 074 141 265
022 018 201 229
035 054 157 255
001 001 225 300
004 001 300 300
089 001 204 273
038 002 181 078
061 032 163 204
047 030 135 265
001 019 268 297
049 079 223 220
023 063 173 256
001 128 154 220
058 072 160 232
089 026 169 180
071 048 157 150
073 040 150 226
044 020 146 292
147 057 285 164
033 054 208 256
025 059 219 275
087 024 164 219
001 001 300 285
031 001 151 265
013 084 201 264
120 032 197 206
071 042 171 163
032 104 171 234
059 088 144 180
080 111 162 180
034 053 128 174
007 067 194 284
048 162 199 284
072 065 200 200
001 028 204 282
071 078 229 238
068 037 164 300
025 087 185 258
021 071 206 300
021 035 227 288
030 062 173 248
005 024 159 240
089 074 209 258
010 070 222 255
035 023 145 300
062 062 200 266
031 046 176 297
005 050 195 267
066 070 121 260
001 048 206 300
073 071 216 146
093 076 208 262
058 125 125 171
060 092 146 279
038 116 140 186
025 066 191 267
116 009 188 139
034 031 171 269
063 032 165 285
054 111 121 175
088 035 158 188
055 125 180 300
046 068 216 259
001 005 300 300
093 060 155 140
067 079 204 220
044 087 168 253
029 056 231 295
050 058 184 284
044 069 216 275
001 001 200 300
001 064 198 259
001 003 200 278
047 060 161 258
096 025 210 200
035 030 195 235
068 174 204 261
022 070 182 277
043 060 180 292
027 060 176 276
091 035 233 280
102 007 218 300
030 003 184 125
001 007 300 300
001 001 300 300
046 071 191 294
035 015 208 300
001 001 204 281
073 076 233 236
006 069 188 235
042 088 164 219
001 048 135 293
021 049 175 300
093 035 115 173
030 027 125 300
076 063 246 271
036 022 166 284
035 060 179 246
077 001 227 300
020 088 147 286
060 115 138 209
064 048 237 294
045 043 226 295
001 032 300 262
022 071 186 188
042 007 164 103
030 052 169 283
067 103 163 177
037 076 157 292
119 064 190 270
016 059 201 300
006 031 200 266
024 054 155 294
041 055 197 300
069 101 142 189
031 019 188 217
026 042 142 163
001 024 300 295
071 001 227 300
088 001 201 147
033 001 129 180
093 043 163 216
048 004 146 170
067 046 153 187
058 011 194 243
057 116 123 287
034 005 134 177
083 083 119 147
043 065 145 209
050 043 229 300
081 034 177 223
089 093 217 251
068 070 132 252
067 104 138 281
001 049 300 258
057 028 158 293
001 048 154 300
025 072 204 258
009 090 196 280
046 057 198 278
054 025 148 295
051 143 161 272
051 162 159 300
043 035 132 300
074 031 172 215
001 003 200 300
063 134 129 174
034 051 144 282
025 100 191 300
058 084 144 158
061 032 139 221
027 074 166 293
032 078 164 246
073 109 152 218
072 100 124 201
055 001 187 267
001 012 260 300
015 001 185 300
071 086 227 254
018 025 200 300
064 049 159 212
157 103 246 169
010 047 180 292
006 042 100 153
018 001 277 300
030 076 145 298
028 090 196 247
001 055 300 250
018 050 170 261
035 019 150 300
038 001 168 117
066 049 155 292
001 047 152 270
047 014 227 289
062 018 156 300
001 043 188 300
049 076 167 232
046 059 177 267
105 042 196 197
014 003 214 300
043 053 161 298
001 001 175 291
001 077 203 294
003 060 200 242
094 065 251 273
066 035 138 234
001 001 287 300
034 050 172 300
003 021 140 084
090 038 164 210
046 068 147 289
048 001 184 110
031 057 158 237
053 062 160 295
073 031 164 205
056 047 159 287
001 001 118 300
050 029 201 279
050 038 106 300
001 056 188 279
100 011 206 153
072 091 144 276
084 040 180 212
001 001 300 268
053 039 183 240
001 042 190 300
055 001 180 261
063 031 181 282
059 041 144 213
036 062 194 300
016 086 209 287
042 019 166 210
051 052 146 285
044 171 188 278
001 038 199 300
032 094 181 223
019 047 146 248
040 063 161 224
026 012 268 300
034 053 172 300
046 036 131 300
019 048 180 275
042 071 191 300
057 058 163 240
001 001 194 300
049 041 155 183
056 047 199 300
035 017 151 288
084 027 175 200
066 001 175 275
020 025 187 300
025 059 114 143
109 059 186 154
046 001 184 300
018 052 181 256
001 052 204 217
071 047 169 300
001 013 199 300
021 051 148 300
001 026 225 300
043 109 192 241
138 001 164 260
017 079 169 239
065 022 135 300
083 052 171 161
045 049 112 162
077 001 228 285
084 117 220 213
007 001 199 300
047 058 174 300
092 060 164 249
090 029 170 257
056 099 128 173
004 001 200 272
031 052 170 287
077 084 168 300
059 079 238 254
028 053 202 300
058 089 138 300
051 038 233 264
001 001 225 300
052 052 147 282
038 001 136 283
051 036 145 281
019 058 177 265
086 074 175 179
035 005 285 300
038 088 217 237
019 050 097 142
030 049 181 281
025 067 150 218
024 084 187 279
083 025 219 282
029 071 204 300
053 001 171 300
001 043 212 245
027 043 164 299
095 063 222 208
044 068 162 234
045 102 190 299
059 147 181 300
040 083 200 204
048 069 222 244
047 083 165 240
028 055 227 300
014 009 297 300
001 001 288 300
069 063 135 226
046 006 159 236
048 013 156 134
032 054 207 298
001 016 200 300
039 064 196 300
057 042 141 207
055 042 146 171
023 075 183 300
001 069 200 300
048 065 170 300
028 001 177 300
037 085 234 300
058 063 189 297
066 001 157 159
077 162 136 282
073 071 231 269
062 107 139 213
045 095 201 280
018 070 212 300
084 103 179 278
052 035 131 159
121 105 191 152
049 001 162 277
066 084 168 258
035 003 189 282
051 112 129 280
025 001 149 300
072 047 190 274
032 045 159 131
066 052 140 203
045 074 219 276
078 018 143 219
056 121 148 300
087 039 135 190
065 084 252 280
084 039 187 192
074 054 134 126
023 058 144 224
038 040 156 208
030 075 161 283
053 066 138 120
059 010 179 274
025 048 120 146
092 039 154 147
073 141 210 300
001 001 169 140
074 049 146 287
095 052 187 300
027 193 111 283
001 065 199 272
001 001 225 133
035 048 193 300
014 044 144 300
035 055 169 266
066 030 179 164
029 063 167 283
020 001 184 300
080 020 193 300
112 075 194 274
024 099 170 252
001 001 300 275
048 009 192 259
158 001 290 300
072 001 224 150
103 074 203 228
047 064 244 229
037 078 217 283
015 067 189 268
077 078 226 253
092 013 216 277
036 048 170 291
001 001 200 182
031 060 152 295
006 052 184 297
046 005 141 173
040 188 155 276
023 052 166 300
001 073 169 274
001 001 225 300
011 005 289 300
001 048 200 300
001 014 300 267
084 065 250 292
120 014 251 267
098 001 205 263
027 015 185 232
045 064 217 280
080 046 159 202
057 040 141 186
031 047 181 291
062 001 163 267
121 036 165 169
034 068 173 240
081 049 146 105
048 072 173 168
054 041 163 269
043 076 182 275
103 062 211 300
078 050 199 270
006 048 167 296
023 091 177 259
033 096 203 289
026 055 192 265
073 069 245 268
001 045 185 300
069 026 160 244
071 002 173 186
091 042 161 294
060 113 148 247
001 001 222 297
113 047 192 159
108 037 188 162
047 058 135 166
040 026 185 300
068 009 174 129
048 057 146 300
055 140 121 272
001 172 188 300
044 060 135 146
009 057 137 278
026 071 194 270
042 055 140 300
037 048 164 258
001 001 231 300
017 042 198 238
001 001 300 300
066 075 233 262
053 026 199 300
003 017 213 300
068 040 150 193
059 022 183 300
050 038 156 194
036 056 179 300
052 113 143 163
056 054 156 238
068 086 219 272
103 106 198 251
001 054 221 214
001 001 225 188
044 052 159 300
038 029 282 277
039 032 135 201
072 089 170 294
059 031 180 196
024 051 188 260
041 005 144 128
001 001 254 300
009 013 231 291
113 091 169 268
057 067 247 295
014 059 200 279
040 029 155 239
033 013 284 255
042 061 137 171
058 091 140 214
051 062 166 296
054 073 172 292
001 065 200 300
056 040 122 167
060 001 197 271
080 040 178 206
045 085 188 286
098 042 189 204
054 116 133 160
001 039 200 250
066 047 138 158
052 057 201 265
023 069 177 244
040 049 189 294
073 085 164 197
049 041 181 224
042 077 193 261
001 056 204 300
012 035 194 265
045 065 213 271
044 034 151 300
020 030 183 300
069 093 177 210
056 062 241 245
079 031 165 237
059 047 196 290
020 076 289 291
036 036 130 282
049 095 224 296
026 068 214 297
016 072 190 246
024 165 067 227
028 080 166 252
088 031 148 296
018 071 221 284
071 001 238 300
062 032 136 300
024 080 205 273
104 045 193 199
011 049 177 280
065 055 139 123
063 059 191 269
063 001 250 300
044 095 165 224
001 075 225 224
032 055 178 297
053 026 189 265
060 031 158 224
001 020 300 300
062 029 128 297
021 049 194 226
046 001 231 295
072 043 164 174
048 039 146 190
031 101 221 285
085 045 222 277
066 074 138 294
083 041 141 199
001 047 164 286
072 106 289 300
037 079 159 292
032 058 147 291
017 068 147 284
001 038 200 300
063 042 128 175
046 050 191 234
032 069 193 274
001 001 300 225
060 043 210 182
065 041 142 221
052 119 123 297
040 033 140 268
026 067 206 296
047 075 157 224
006 041 220 286
079 125 144 175
081 043 219 216
022 001 298 300
029 052 207 300
060 029 188 190
001 022 149 300
028 055 204 300
044 079 214 275
051 001 147 300
007 059 186 260
002 001 256 300
020 086 172 241
082 077 225 281
072 087 170 283
037 074 168 239
073 023 186 243
069 066 199 279
029 130 168 275
033 018 196 249
068 071 110 200
001 025 221 300
069 025 148 300
161 060 288 206
001 081 199 300
001 001 200 295
059 008 252 260
056 057 200 288
065 032 161 182
031 037 156 199
086 106 170 296
066 040 121 170
035 024 160 300
040 071 203 261
028 082 178 269
032 055 193 281
001 015 200 300
043 053 167 281
037 079 203 259
067 069 153 260
067 026 145 300
074 070 196 256
001 009 200 295
014 064 174 280
030 001 268 300
045 072 182 276
032 102 198 262
053 085 173 300
039 033 277 300
055 060 206 192
001 051 152 290
103 086 209 243
106 001 191 275
096 084 221 274
054 030 133 300
047 052 172 284
070 036 164 193
026 026 200 235
033 049 189 297
020 057 178 300
043 060 152 257
092 001 195 257
042 085 202 241
028 080 188 234
001 054 225 247
167 118 189 199
065 127 131 173
054 046 185 300
001 001 300 193
001 088 175 266
060 086 247 294
043 048 175 300
036 001 168 300
046 045 162 218
001 008 300 300
006 019 229 300
021 086 181 254
046 070 160 272
001 033 200 275
091 024 207 286
056 080 223 284
083 075 211 228
015 085 200 294
055 106 121 275
087 039 178 232
033 048 182 291
031 056 162 288
043 080 174 269
046 004 235 300
069 001 201 150
056 102 181 179
036 058 174 290
047 001 174 297
096 040 178 209
034 088 179 270
080 057 159 236
001 046 225 286
014 044 200 282
059 002 129 094
056 038 144 189
018 072 192 268
051 036 171 300
074 072 212 228
033 063 172 300
092 001 230 264
069 052 153 118
082 024 220 300
054 004 170 109
052 001 222 279
034 081 190 199
101 043 187 242
098 031 205 218
085 097 147 277
076 025 186 300
001 001 300 300
066 107 136 234
057 069 187 288
016 077 180 249
080 057 175 174
054 030 156 248
024 089 175 212
047 128 161 289
041 019 186 300
026 058 170 288
033 056 164 251
035 055 196 300
035 080 235 300
042 081 259 280
011 100 204 283
001 022 274 300
075 002 092 079
049 001 185 250
002 035 175 276
073 025 139 300
073 060 231 271
087 034 133 242
074 018 129 288
033 057 148 157
001 053 300 300
024 022 286 300
035 080 198 285
080 035 159 214
015 054 194 300
033 044 154 299
009 047 155 269
029 206 167 278
062 029 158 277
003 001 226 300
001 001 215 279
089 074 220 241
031 083 237 262
061 092 126 289
062 092 148 275
043 069 145 243
083 032 169 300
047 068 183 274
037 014 215 300
001 025 263 300
041 077 231 295
059 155 187 227
049 041 141 214
032 057 276 243
072 037 161 209
034 018 240 152
036 092 196 261
089 063 177 209
076 036 189 210
052 058 154 279
032 058 141 276
064 028 153 194
067 034 115 206
079 072 150 102
001 001 200 300
001 028 300 300
001 042 173 299
065 042 172 174
078 038 128 168
066 057 137 187
069 079 243 265
044 094 162 205
088 066 227 233
149 089 300 281
065 036 168 191
046 168 200 265
048 019 226 289
056 115 142 300
058 071 225 300
050 089 157 210
065 121 142 198
045 076 167 245
088 086 194 282
051 037 166 190
018 042 184 300
057 001 145 270
040 057 135 288
051 028 153 300
009 052 086 298
013 071 194 256
049 074 213 260
051 001 160 097
063 117 141 300
001 001 257 300
020 046 208 300
059 044 148 266
042 077 164 184
109 110 128 288
071 029 171 300
058 001 172 110
076 032 204 230
059 035 143 189
057 026 127 279
041 021 270 260
054 064 203 277
052 032 213 207
056 034 184 245
040 049 213 300
063 055 165 300
067 162 197 257
227 008 291 106
070 038 152 187
049 048 149 277
070 001 177 254
060 007 138 176
068 032 171 198
078 039 133 152
006 071 193 264
063 083 176 258
075 032 112 249
056 109 183 280
018 096 199 245
073 057 123 275
067 056 152 187
035 026 141 300
023 068 204 267
060 061 139 246
073 058 110 275
131 059 210 286
050 052 188 237
023 068 157 250
021 045 201 280
089 150 149 280
016 054 147 300
072 001 228 300
053 007 209 093
001 024 200 252
027 007 173 296
088 054 161 300
075 041 163 154
001 001 300 300
083 028 154 233
019 055 161 265
001 001 200 225
040 039 117 284
035 042 163 187
083 023 160 286
087 074 176 197
032 188 159 300
001 001 235 300
057 037 142 235
010 025 204 300
026 001 172 300
010 007 279 300
020 059 201 292
012 047 192 289
071 106 142 238
032 001 177 279
038 001 165 300
001 028 245 280
071 042 174 293
001 036 200 300
049 039 162 290
061 006 213 125
034 088 147 233
044 089 168 271
095 001 184 277
041 027 157 278
098 075 208 300
145 055 270 223
025 054 191 293
001 001 298 300
046 069 144 224
016 052 207 274
023 123 195 258
065 033 135 300
001 050 224 300
067 036 174 149
001 001 300 225
048 050 198 270
038 080 240 291
071 037 143 226
016 037 190 300
039 074 199 289
007 048 186 293
054 022 136 299
001 015 225 267
075 042 175 156
081 096 153 215
098 001 216 287
001 033 173 300
058 001 190 277
041 050 177 283
066 056 154 283
070 038 137 246
004 040 185 300
015 048 181 289
060 061 194 278
034 038 135 220
099 038 135 300
021 065 187 267
012 120 175 237
048 076 127 233
001 032 204 237
053 081 147 170
063 022 141 129
028 155 177 264
096 070 148 276
059 031 148 298
040 068 201 290
001 011 147 298
035 075 177 240
030 005 164 111
074 060 238 258
019 014 193 284
045 032 154 300
040 077 154 237
039 074 209 285
039 044 190 284
028 065 182 287
018 089 200 300
093 015 215 282
043 060 134 180
054 078 168 271
064 051 156 192
086 094 189 284
001 001 204 278
072 083 185 221
048 053 163 274
053 071 181 231
040 102 138 204
068 046 177 300
051 037 135 279
047 033 156 295
029 048 180 300
062 031 147 293
077 028 162 188
015 097 233 288
054 126 133 150
088 001 300 211
069 174 191 252
052 070 154 253
084 117 166 296
086 001 254 200
010 057 178 278
022 001 225 282
001 001 300 296
025 015 140 287
044 084 207 300
038 001 165 300
099 034 217 199
006 001 257 295
088 040 202 300
069 077 189 255
044 036 160 300
001 001 300 300
001 090 225 300
033 024 095 267
020 056 170 257
021 099 175 254
058 046 212 292
079 031 174 300
063 001 158 184
037 090 159 273
009 046 189 291
023 001 287 300
029 066 183 295
023 089 177 288
116 073 204 137
001 064 204 279
055 063 185 273
001 008 196 259
096 017 211 135
054 001 156 274
046 092 220 281
030 018 277 300
001 003 300 300
087 033 160 205
037 073 164 300
057 063 146 170
048 001 185 289
066 057 230 272
024 066 187 268
042 050 184 291
013 094 209 285
048 030 173 296
036 048 168 300
020 086 217 259
024 044 167 300
102 049 208 173
068 001 196 092
057 066 139 143
026 064 169 292
047 001 193 092
014 062 148 290
026 024 277 295
054 121 143 276
036 046 209 300
001 001 300 300
092 091 228 266
100 001 203 165
117 038 159 189
032 063 220 257
039 045 177 262
103 091 235 300
042 001 157 283
041 001 166 179
001 078 200 262
073 047 147 300
004 060 225 295
035 052 145 161
034 065 176 286
011 049 210 277
071 034 138 221
043 027 171 201
089 027 185 265
067 123 144 273
046 013 267 281
010 001 183 228
076 036 147 186
065 057 193 289
073 033 175 300
035 050 162 124
025 058 167 281
094 108 099 266
072 034 154 185
022 166 209 277
001 193 300 300
063 050 159 291
031 052 168 242
017 088 207 249
041 053 169 222
040 066 124 224
024 046 178 296
048 041 144 163
090 021 232 146
001 021 200 300
001 060 192 300
089 106 177 288
059 045 161 263
035 070 261 289
042 007 180 278
055 047 139 148
010 028 225 295
014 001 184 282
055 104 222 272
044 001 175 257
038 070 274 300
033 054 223 277
075 090 118 166
040 028 134 254
022 053 222 231
056 041 129 202
025 037 133 236
001 010 225 297
060 030 163 300
075 030 167 286
061 027 161 300
053 060 160 218
055 036 252 202
026 065 196 282
070 074 222 228
068 038 168 188
003 034 234 178
018 044 168 300
107 125 179 217
033 069 227 280
043 081 171 228
046 037 141 264
066 035 172 300
094 217 212 241
044 185 189 284
041 084 193 257
005 142 118 266
005 080 197 223
001 027 204 210
026 013 170 164
083 034 179 277
049 002 159 300
086 038 181 191
100 001 170 245
039 045 262 290
049 001 176 095
080 033 187 180
045 091 165 278
012 060 163 264
006 076 186 215
001 001 185 275
037 001 125 144
086 026 153 292
025 001 159 277
049 033 131 202
040 091 170 241
043 001 265 300
049 001 157 220
080 091 171 259
078 079 217 244
045 042 130 183
007 040 204 297
051 078 172 256
023 043 207 300
052 029 162 293
117 037 191 131
050 029 229 300
037 072 179 243
013 063 200 272
014 080 159 296
001 054 200 283
001 030 240 238
024 083 184 280
001 050 208 272
019 062 168 283
038 038 156 212
067 040 151 222
070 022 191 300
054 001 169 264
025 074 186 259
084 037 125 175
052 075 174 277
048 080 154 278
014 047 171 291
018 024 200 279
032 044 138 173
055 030 157 271
042 050 166 300
056 057 158 300
049 089 167 159
025 051 197 280
062 068 134 193
106 035 198 200
048 039 164 190
075 104 163 160
086 028 172 299
030 104 194 300
028 047 171 234
030 059 209 300
085 056 187 300
053 041 153 160
015 072 190 232
040 057 183 298
066 039 176 221
051 028 160 219
004 001 207 300
069 049 157 187
059 052 141 172
025 052 183 260
053 001 181 107
011 002 300 298
077 011 209 282
036 065 186 298
114 108 157 191
133 077 195 154
064 119 146 158
031 183 187 270
029 041 121 180
012 045 161 285
122 030 164 296
092 037 300 248
007 097 197 299
081 068 191 247
033 049 164 247
127 062 204 189
001 022 199 265
075 036 176 190
049 019 157 300
104 034 189 189
003 021 200 250
061 130 143 176
054 063 148 132
043 065 156 187
076 074 232 295
018 001 125 266
043 029 185 300
069 040 239 219
032 011 212 233
056 035 140 221
108 062 200 179
095 047 227 219
077 001 183 264
017 061 180 291
025 035 149 288
001 224 152 300
084 114 262 300
061 149 203 285
026 068 148 213
024 001 284 289
084 034 175 196
036 086 236 290
055 071 186 184
041 188 169 283
064 051 235 292
105 004 184 200
032 074 174 270
069 017 153 174
031 065 182 252
033 088 175 283
049 034 147 276
053 050 119 279
055 034 127 203
068 055 211 300
082 022 177 299
001 028 260 255
087 031 195 232
028 052 200 300
012 035 290 300
073 041 168 152
075 171 169 300
001 001 300 300
063 111 265 289
046 118 120 289
044 021 182 300
046 051 166 249
038 001 180 213
061 025 150 300
023 093 215 231
037 041 181 297
001 001 235 300
078 026 137 300
065 069 225 262
036 152 161 300
052 061 195 266
001 008 204 289
060 083 163 276
052 088 146 256
034 044 159 300
050 014 259 300
058 001 144 280
064 069 166 300
030 054 164 245
055 059 146 204
001 010 225 300
059 107 131 282
055 066 135 183
001 001 300 265
040 189 178 284
021 066 184 256
024 081 174 259
051 072 185 226
080 029 126 123
034 029 152 300
062 049 170 288
053 084 199 300
038 046 168 266
049 001 209 131
079 058 156 300
001 001 235 300
069 101 146 269
001 061 300 300
001 050 204 284
008 016 300 300
057 068 206 289
032 020 114 282
057 057 204 250
016 095 168 227
038 087 206 256
071 100 150 213
054 101 119 284
024 068 175 300
076 097 196 180
061 031 140 214
077 036 178 252
047 046 156 189
008 059 158 268
032 041 139 216
061 064 156 232
090 052 188 130
053 056 154 254
080 033 172 198
065 001 160 269
125 087 184 128
024 174 160 248
051 001 164 290
048 001 158 275
030 041 167 199
049 064 163 275
001 049 300 300
055 034 241 250
039 038 191 300
057 077 148 175
072 116 158 172
001 047 191 277
042 033 145 295
006 053 164 268
094 038 202 271
086 119 139 170
074 096 160 182
067 043 189 190
001 001 300 284
001 001 300 300
033 083 161 240
064 101 142 190
078 030 157 185
081 028 183 213
006 001 180 300
087 008 185 183
063 025 148 196
097 071 155 280
098 083 218 207
012 036 206 124
001 123 225 300
050 055 207 284
076 031 132 216
026 081 196 279
001 015 224 300
086 042 151 284
011 099 211 300
079 031 122 300
025 049 175 283
038 001 204 300
001 153 225 300
058 121 136 207
038 099 196 282
087 100 140 266
001 081 146 300
055 028 153 300
092 079 202 256
069 088 215 254
117 033 219 261
021 016 283 300
074 001 183 111
001 154 204 271
037 001 126 195
029 073 226 272
185 004 264 115
053 057 177 287
054 098 156 283
033 058 178 276
001 049 204 291
011 060 221 291
036 049 175 294
061 061 191 300
023 070 169 300
046 050 152 300
058 066 144 200
001 026 196 255
047 082 192 253
013 056 186 194
031 002 146 085
001 001 200 300
128 032 202 145
037 064 155 300
024 099 174 273
068 061 195 300
045 002 205 175
092 061 204 300
045 052 155 220
073 062 162 149
001 045 240 295
025 052 212 296
056 025 152 271
012 057 176 261
112 035 197 215
022 001 147 282
060 065 182 240
024 059 192 300
073 042 146 153
050 042 157 199
020 054 174 294
001 016 242 298
068 043 139 138
074 069 133 207
001 050 199 223
039 073 183 244
050 025 142 288
045 182 170 251
001 066 193 287
029 066 129 277
050 066 153 165
046 069 152 225
057 059 210 279
053 065 231 300
043 042 165 195
081 097 166 274
106 033 180 189
080 106 135 226
028 072 174 271
044 021 186 248
017 055 181 271
087 034 160 213
031 062 207 294
040 049 148 157
025 001 220 250
066 071 167 268
035 037 186 212
082 032 156 168
026 053 199 300
020 053 164 268
013 027 300 300
028 082 185 291
001 001 300 300
045 079 215 257
056 096 213 300
029 050 204 292
001 001 228 300
047 070 197 271
041 056 157 290
051 056 166 243
001 010 124 300
062 022 184 091
001 001 300 264
149 041 294 233
031 050 167 300
026 031 290 175
081 069 197 252
013 129 083 270
072 068 180 186
090 028 110 261
052 001 131 265
066 045 160 166
022 054 189 288
001 042 261 219
032 076 152 266
049 074 199 220
033 049 190 284
001 031 236 276
042 001 157 284
096 077 205 227
019 187 165 294
009 071 195 287
045 018 195 179
059 061 160 259
035 001 142 260
074 013 138 291
043 001 165 253
043 024 173 272
001 045 200 255
054 078 208 295
004 077 196 300
046 044 176 300
075 078 164 186
047 025 165 300
056 040 190 300
081 092 166 191
055 061 153 268
027 046 185 300
070 026 158 209
095 020 167 273
081 028 163 300
041 073 199 158
019 003 213 286
069 032 189 193
059 030 133 247
065 084 200 291
049 060 252 242
041 002 171 085
058 068 132 252
081 098 165 283
001 001 300 300
104 083 229 238
042 058 152 144
001 001 300 263
042 025 155 300
001 058 196 284
077 036 168 177
016 066 182 253
065 123 138 248
020 009 288 300
029 053 202 270
040 071 149 222
064 116 158 170
074 045 268 260
084 023 126 300
052 043 146 163
071 036 169 187
077 043 163 176
018 069 134 298
091 051 213 149
052 091 180 271
066 001 240 300
054 055 176 300
001 013 225 300
001 045 151 300
059 141 166 240
054 027 119 213
032 057 178 300
068 060 235 290
082 036 160 186
001 156 163 287
093 030 214 197
017 070 185 288
031 088 144 186
053 001 178 300
012 082 162 287
095 060 204 269
063 043 143 294
008 088 168 190
070 054 238 298
060 047 139 300
051 080 158 274
104 042 186 240
042 051 126 208
071 060 189 295
044 151 171 278
070 039 173 211
001 001 255 300
105 067 206 236
005 020 200 277
028 185 174 292
005 065 196 232
045 050 184 277
050 038 188 300
030 083 182 258
020 036 121 168
034 077 168 283
001 001 200 279
044 139 195 212
031 062 204 253
019 048 222 283
006 047 222 300
052 040 160 193
016 044 224 288
022 028 197 210
039 060 166 300
077 001 231 300
025 169 164 300
060 067 148 262
001 026 198 255
042 085 188 282
043 049 165 264
133 067 199 261
014 083 294 288
004 110 215 200
022 063 144 298
073 055 129 155
060 066 232 277
054 036 172 193
113 105 186 180
001 019 188 264
065 001 225 300
044 063 171 193
037 035 187 291
071 061 133 232
060 033 187 279
043 047 101 144
001 041 173 300
055 023 169 300
010 044 225 272
067 062 173 295
047 004 185 079
021 074 175 231
047 174 157 300
040 035 143 242
056 033 138 212
001 001 190 300
066 001 187 300
069 073 223 264
001 065 240 259
003 101 160 206
029 082 209 284
027 001 215 300
035 087 131 230
034 050 161 300
035 075 149 225
024 108 203 264
029 091 190 241
017 078 221 300
029 069 163 300
019 074 180 247
046 072 166 250
001 102 200 300
099 078 217 235
040 007 161 081
027 061 176 215
012 070 186 278
032 088 261 299
053 092 151 222
027 065 169 292
062 042 163 297
036 052 170 298
035 013 238 277
122 038 199 212
098 078 208 253
052 072 158 243
029 077 219 282
032 053 217 296
072 033 156 180
055 057 287 300
096 084 205 281
051 073 207 292
075 030 164 193
063 027 161 260
047 064 208 281
024 063 173 300
045 001 165 300
031 061 195 276
049 015 152 271
029 059 167 297
019 048 182 290
052 055 138 169
023 072 190 258
020 058 177 300
008 166 142 265
065 015 225 142
001 051 157 223
078 045 143 150
068 024 133 300
044 070 200 178
063 028 171 205
047 155 145 241
114 028 174 300
057 031 145 262
047 061 220 265
089 071 163 286
048 021 192 297
035 069 225 182
054 048 138 165
075 088 205 229
023 047 183 299
055 021 153 295
040 043 153 204
062 096 127 269
063 186 158 293
033 190 170 280
097 059 159 103
064 046 152 179
001 037 256 300
092 003 186 213
038 011 156 087
103 003 209 163
037 048 157 282
084 031 178 281
087 005 161 174
086 067 223 227
021 065 181 243
071 031 173 222
050 064 210 293
019 041 200 235
032 087 174 214
049 047 177 200
036 087 175 260
001 001 300 300
070 042 152 209
090 075 217 270
072 031 136 300
008 057 181 300
029 069 168 208
039 066 193 265
069 037 141 300
067 132 182 283
024 069 194 286
088 108 165 285
052 063 260 300
036 001 180 166
033 095 161 274
050 059 164 243
001 077 300 300
078 053 230 283
069 126 143 204
069 032 115 260
071 031 173 139
073 030 137 300
036 077 185 288
070 034 120 238
056 027 242 267
041 080 166 199
029 186 175 273
076 064 230 255
034 075 200 261
049 175 165 298
021 062 152 157
054 026 154 265
055 085 194 295
066 070 229 252
118 010 261 255
010 073 183 272
057 040 141 193
052 025 108 300
019 069 194 300
064 035 138 193
022 001 218 300
001 047 164 246
047 056 156 300
012 067 166 296
008 008 234 283
063 030 177 300
008 010 179 226
020 074 204 209
057 104 134 218
001 001 200 257
106 054 165 119
061 060 265 281
042 047 133 168
069 057 184 270
006 070 121 253
100 037 202 208
064 001 162 264
041 067 186 246
058 045 154 192
058 025 186 292
037 047 155 300
036 050 300 285
039 194 180 281
019 077 180 261
098 100 150 300
001 148 187 291
061 052 159 291
001 057 199 242
026 001 178 300
095 097 154 235
058 034 171 265
048 058 158 235
042 001 199 137
082 082 228 211
034 055 180 282
033 042 118 195
050 064 159 282
017 038 138 245
023 036 179 174
049 056 167 264
019 048 183 300
084 104 149 182
072 034 188 211
057 062 145 244
069 097 158 174
001 038 300 192
001 001 300 300
001 001 282 300
048 001 206 300
107 110 155 175
059 037 137 204
025 029 085 237
083 131 117 221
062 037 208 215
074 143 162 300
098 044 139 211
001 033 200 263
060 035 202 300
080 028 150 214
062 086 128 275
063 032 163 238
026 216 182 273
070 001 156 300
078 024 151 233
025 063 181 296
083 057 165 192
037 168 173 291
079 118 164 170
028 056 170 300
066 001 198 292
016 058 140 300
034 057 214 300
047 196 168 280
110 046 300 275
001 017 193 288
020 049 157 257
057 004 250 300
080 054 140 111
055 115 173 254
060 001 144 269
028 064 174 249
001 033 166 278
003 067 181 298
072 038 178 189
050 057 175 163
084 022 158 264
077 045 127 300
085 041 144 297
001 001 300 300
001 009 277 285
064 062 172 300
063 009 147 298
087 076 218 295
001 010 200 269
074 034 176 231
019 066 199 253
044 001 147 300
057 036 158 168
070 093 231 282
044 035 122 202
092 028 180 293
026 091 170 284
059 077 151 234
019 029 228 245
042 059 167 276
093 001 177 179
018 065 208 270
045 063 187 198
084 040 144 205
004 013 234 284
062 001 139 162
055 048 177 238
047 066 154 239
061 039 156 254
061 041 141 188
041 081 209 272
065 001 124 229
026 049 184 300
011 117 148 200
066 032 139 226
021 052 153 300
019 078 182 272
050 018 229 240
001 026 204 215
031 012 245 265
015 009 203 255
008 083 240 252
053 072 204 245
079 029 165 230
027 051 204 294
030 001 208 244
042 113 230 300
046 001 134 206
043 001 211 286
138 075 215 300
057 032 146 237
084 011 235 300
073 131 155 223
061 001 139 300
035 173 171 268
005 082 178 300
001 044 201 278
060 060 211 300
075 052 211 300
023 001 220 300
074 118 138 187
037 078 195 238
046 073 155 300
058 059 158 180
061 048 231 300
060 052 160 174
001 047 235 290
038 026 165 277
001 001 267 300
085 036 159 190
085 035 163 191
067 053 161 237
021 059 181 300
035 095 256 289
069 006 248 257
022 057 224 300
093 067 215 300
030 079 187 287
062 021 160 241
086 051 136 187
006 058 180 264
102 051 194 300
029 073 192 278
054 001 164 287
058 039 160 204
001 033 251 300
066 084 233 239
076 031 164 213
076 031 153 269
046 085 197 231
042 052 179 290
034 048 120 300
050 067 164 273
077 033 166 212
006 049 225 234
038 001 165 275
059 021 141 300
044 072 153 255
038 001 184 300
077 064 234 247
001 001 225 300
064 001 234 300
069 045 185 300
038 075 208 277
108 029 193 293
100 035 224 218
070 048 126 102
045 051 161 294
063 041 178 247
005 001 300 300
037 044 161 276
050 021 152 154
053 001 155 260
052 083 124 192
028 033 280 277
043 055 152 300
033 044 175 271
019 060 212 277
070 153 183 276
020 035 193 201
001 028 231 300
001 001 279 300
034 001 300 277
040 095 200 293
044 024 172 284
067 036 132 215
026 088 178 243
091 041 175 213
007 016 300 300
027 001 200 267
026 073 186 252
100 068 164 192
047 001 185 300
052 024 154 300
033 060 167 257
114 079 199 211
081 058 143 269
063 033 154 147
068 076 243 258
060 035 170 180
077 044 234 275
047 068 171 259
075 030 205 296
004 085 178 295
048 090 132 155
121 056 188 294
050 028 259 250
053 060 148 264
078 022 166 300
079 089 230 255
059 066 190 260
034 050 158 188
052 074 208 279
001 001 240 300
103 056 209 218
037 023 194 300
097 084 182 140
037 021 171 162
022 071 204 273
042 076 191 207
055 032 156 221
072 038 193 278
055 068 151 252
038 017 187 295
020 021 222 266
056 144 158 300
046 104 161 227
063 096 148 239
037 030 137 282
059 060 189 268
080 022 135 256
073 005 227 149
064 038 143 167
001 110 200 300
038 065 108 153
109 067 222 262
001 033 200 300
027 046 177 279
049 089 245 296
045 020 175 242
016 064 148 282
058 047 161 160
089 001 246 300
101 033 209 300
061 043 170 181
001 001 300 300
044 050 165 269
033 050 183 294
044 070 201 241
003 028 204 272
042 012 156 102
015 081 161 272
010 041 210 268
001 046 193 185
032 058 159 214
047 036 145 232
054 098 163 237
090 038 162 195
092 043 176 197
031 086 145 191
083 122 191 223
014 057 200 283
082 048 173 300
001 015 200 290
075 038 159 300
050 056 166 263
005 125 183 282
018 055 186 290
001 069 225 300
028 058 216 287
037 022 126 300
001 001 188 293
052 055 173 300
025 060 171 300
073 010 188 289
080 070 231 292
100 074 206 253
028 146 171 300
035 081 222 300
040 072 198 229
064 082 191 300
060 059 163 258
008 059 178 294
046 045 185 300
062 174 190 262
111 002 211 283
001 001 222 300
030 050 241 278
083 049 160 115
042 093 151 276
031 050 163 257
053 031 130 285
070 100 168 174
025 068 219 266
075 039 160 192
024 076 166 256
067 026 181 300
026 067 176 300
065 072 142 173
001 132 169 300
082 047 177 154
076 109 143 267
062 032 147 226
029 154 186 237
074 065 216 286
034 035 184 256
046 065 137 203
098 045 148 101
047 045 157 179
089 073 223 229
070 029 173 230
033 083 196 256
041 071 193 284
041 067 177 280
060 031 245 249
032 083 159 257
055 080 179 300
001 001 300 201
021 064 210 280
067 001 180 251
082 043 144 152
037 045 144 176
018 036 214 296
001 181 200 300
051 046 149 300
021 061 185 211
081 117 170 285
039 085 161 253
045 081 213 254
032 093 177 251
031 001 175 300
006 001 200 300
040 047 134 178
046 004 161 084
032 086 198 295
009 050 158 296
045 046 160 300
024 001 158 277
074 036 166 175
078 042 172 200
045 022 172 151
052 068 167 266
045 074 201 253
010 059 167 293
001 013 200 300
038 076 223 300
060 119 133 274
049 033 199 188
056 003 174 132
055 029 173 293
098 045 175 300
006 001 300 234
094 001 207 209
053 126 139 196
047 171 133 292
001 049 205 300
039 049 167 254
043 068 195 257
030 066 193 277
001 012 200 277
080 080 232 287
113 017 201 225
013 059 164 300
096 043 268 261
026 021 160 300
037 140 173 234
014 013 158 195
057 048 167 300
018 040 197 296
053 072 094 211
078 059 178 260
048 009 162 086
012 045 173 295
054 035 162 253
035 082 177 223
068 052 212 287
072 001 163 300
131 001 300 300
051 062 152 268
001 007 250 300
071 113 167 187
031 082 174 238
054 060 191 300
003 001 300 293
027 101 179 284
049 046 186 300
120 054 176 274
051 037 203 300
058 083 173 256
049 076 165 258
028 033 172 264
029 001 208 299
002 040 201 299
068 036 142 235
037 001 174 300
036 080 217 281
030 036 166 210
001 005 230 300
035 035 149 300
058 078 144 250
045 163 190 275
073 071 234 269
020 001 184 300
050 068 192 277
048 030 216 261
062 072 225 300
061 095 133 197
043 069 185 300
123 001 188 246
058 073 228 281
074 051 170 139
059 028 125 296
073 040 155 120
056 053 157 298
013 089 198 252
001 071 200 291
078 050 145 174
065 065 160 259
073 050 205 266
083 064 169 129
